676
902
687
399
225
910
105
170
680
72
56
895
893
352
169
691
421
958
269
427
45
321
994
902
909
768
476
360
980
594
284
91
488
826
363
470
760
970
385
234
236
10
378
62
391
260
699
418
778
438
391
52
849
252
946
690
134
724
634
463
917
414
239
805
877
539
560
296
334
207
590
840
919
277
317
740
145
75
417
805
449
12
33
581
146
791
554
62
933
989
573
169
868
332
131
509
830
984
537
675
733
502
213
315
105
769
929
472
68
711
533
83
57
380
993
253
43
768
833
337
272
289
687
692
307
193
385
31
304
752
992
645
315
365
231
717
232
528
519
64
400
706
249
379
449
611
255
982
148
677
830
569
314
761
630
329
608
884
643
26
178
991
60
804
5
26
890
951
336
948
703
620
677
342
854
513
991
518
637
157
861
741
88
529
98
695
662
900
296
396
360
412
923
976
141
634
482
242
814
442
92
229
695
131
783
988
626
142
237
276
965
186
93
842
407
482
898
254
80
320
698
130
54
48
195
660
370
14
389
426
348
929
535
31
594
767
482
546
211
211
286
895
380
904
566
904
674
406
824
359
195
732
244
809
683
864
968
344
157
862
652
37
26
735
244
966
466
241
78
24
480
762
628
512
362
877
565
790
944
642
76
910
175
709
876
496
275
437
722
134
627
351
599
737
158
978
110
891
475
433
646
54
755
232
187
192
939
488
666
524
185
695
629
326
51
28
703
900
539
150
513
355
34
458
509
414
650
246
137
166
864
495
858
348
651
631
983
881
81
608
609
580
38
656
644
372
757
70
620
878
451
765
678
560
801
205
163
696
344
453
241
313
751
684
625
629
347
617
310
262
321
239
795
627
933
571
41
922
836
958
137
851
479
772
769
532
967
548
22
400
199
250
27
847
649
576
153
553
161
520
879
513
58
233
594
681
158
932
666
325
597
289
862
363
825
491
751
901
636
382
464
510
810
877
606
952
917
822
940
419
196
616
366
609
192
847
515
496
692
349
113
846
486
367
193
698
384
387
472
424
180
664
851
711
599
296
317
723
373
263
80
945
592
712
647
589
755
663
423
86
918
574
680
971
807
679
119
663
921
972
223
237
642
844
181
186
634
770
679
160
709
26
160
753
986
46
109
528
737
641
632
800
579
347
761
972
893
911
27
380
818
187
114
59
398
537
722
740
955
239
144
97
932
444
877
722
451
126
928
907
509
887
132
120
64
890
318
394
800
430
645
708
708
903
826
628
700
577
213
765
576
572
417
293
793
844
696
923
992
268
8
462
254
329
862
278
39
161
435
302
673
225
595
412
585
637
141
495
755
327
650
725
478
911
475
118
629
158
809
345
57
871
215
55
994
459
745
117
485
884
742
691
280
959
862
412
182
961
833
492
615
573
73
333
498
481
814
297
82
982
5
851
165
38
945
458
626
105
756
952
443
849
225
674
459
452
183
689
958
941
589
217
558
159
124
515
143
445
685
189
418
190
387
607
487
421
188
376
514
306
14
542
509
744
61
617
711
294
349
103
172
480
912
748
785
74
732
356
548
429
417
156
264
521
343
760
80
650
404
64
922
109
182
146
699
104
103
434
721
702
858
293
472
619
296
689
432
329
549
288
867
406
114
33
837
739
417
395
128
599
44
54
948
196
997
15
867
898
653
417
929
615
530
743
561
856
909
69
75
923
806
383
808
537
108
971
599
867
852
619
660
481
377
152
251
143
501
509
851
938
805
105
383
782
276
299
377
96
156
170
293
164
85
326
682
601
866
693
967
986
606
619
918
174
255
249
311
752
418
553
725
600
326
369
594
836
455
253
576
59
516
130
900
225
454
400
200
998
922
893
946
433
749
775
402
293
488
966
36
65
774
383
95
630
744
762
696
932
772
158
458
942
991
784
946
994
133
44
685
95
405
687
689
509
291
530
369
316
82
971
602
465
419
482
530
973
193
348
425
87
930
285
305
824
340
95
220
767
248
180
437
472
166
596
803
20
412
716
977
242
348
701
164
686
915
91
375
106
98
309
560
186
954
635
510
992
813
523
487
121
439
871
136
676
703
583
926
170
370
992
430
93
320
255
428
651
859
589
237
651
369
464
22
677
817
887
851
401
576
135
970
431
706
628
197
247
534
701
508
467
625
996
628
491
156
414
597
543
614
600
610
565
720
675
115
514
439
323
486
758
953
286
80
886
288
157
695
659
873
887
160
287
165
78
746
491
539
250
769
228
311
774
391
746
150
192
81
541
156
193
578
930
168
385
457
966
326
441
688
835