1372
5704
2859
1094
8079
3782
4858
2456
352
6036
1548
2485
2144
3524
3415
9176
7726
8031
5227
5172
4068
7269
1165
9551
8878
6409
6812
6764
4528
3171
6706
2163
513
1556
5681
5332
447
3553
5049
75
1876
2605
4627
6735
5657
9102
4831
2336
4979
298
2193
2744
5648
9078
976
3189
3829
8464
6827
4744
2369
1113
1487
2689
2076
2407
415
4412
6162
9931
9071
5921
8158
699
71
9216
6278
3321
8635
8174
7995
5657
7077
7625
5300
9115
1640
5622
1243
2924
2616
2900
5197
2459
680
5238
9810
7841
4281
4900
9475
8120
2445
824
9848
3241
4368
3789
2032
9885
9245
342
5307
7627
644
6694
5923
4893
1548
2190
4853
3607
9096
5671
5391
7372
1283
8600
9065
6215
7715
2436
8705
4691
7038
1149
6115
5396
4823
353
8392
5600
8168
6886
564
3679
9852
7162
78
4364
8932
1048
7227
8542
4035
3092
6195
9606
8387
646
6701
5235
2714
9651
8185
9649
3290
3367
6993
9315
7821
7143
2243
696
4267
5383
3386
5967
5044
4391
31
8739
7430
3267
4404
3038
5992
8587
70
8665
8635
3767
6997
228
1553
7441
6924
1695
7421
9226
2609
6952
4449
7183
6212
6056
2029
1806
8466
3139
8808
7881
2291
7606
1982
7003
3148
6123
7647
8730
3963
5966
504
5193
7372
5090
1967
8404
9506
6578
6295
2231
7975
7801
573
9114
2177
9754
7198
855
4482
8258
3920
7545
4454
894
8864
9527
994
2052
8451
1887
1315
6127
9591
8210
3977
2119
2833
2584
7408
5593
7686
830
7193
6726
2570
3911
7239
1814
874
2463
3728
8434
5808
1740
6813
5019
7515
7814
1768
1594
9152
4245
8525
5517
1843
1386
591
9423
2238
5262
1029
3223
959
7784
2625
3042
1184
5778
4039
6232
2865
4035
621
7140
4788
4928
6818
8965
4883
9871
6514
4254
4823
2553
5355
8483
739
2422
1503
5603
3247
9958
6955
5903
1119
6345
9378
5323
1378
9780
7416
7869
5131
3853
8737
3202
7033
5014
5304
5510
9883
1290
3764
7270
7354
1756
3507
9010
8741
2303
6348
2354
3693
8457
1186
310
3976
6182
2034
3124
7414
2137
400
6951
9845
2117
7421
2433
2014
7621
1234
8474
7061
4120
5226
440
2127
6849
9434
878
869
4212
4480
3997
4327
8585
3107
6210
4135
7522
4771
7465
5137
2344
3500
473
6157
2327
7283
867
4015
8761
7986
3882
2846
9485
2543
344
1101
1016
2415
8366
5117
4792
7739
8624
7860
8990
8544
1370
9481
5003
506
3471
6926
2701
2752
4221
7831
7268
5787
9404
7460
364
4411
2734
7703
4006
2061
5065
1171
3903
9121
7035
8998
7273
5586
1963
3276
6763
1104
6247
7315
6650
5666
9153
5575
6521
762
5706
3440
1061
1194
4026
4580
8068
3902
132
6163
6538
5708
3009
1459
7300
5469
7190
3777
3349
8559
756
1795
4842
6620
7820
1711
8294
4132
4753
4362
289
5959
2541
7941
2447
6636
9960
9146
3802
576
4955
5910
6329
1617
9089
4423
1440
5328
4305
9162
1769
6563
3416
4242
7952
4967
6000
2467
115
5606
7308
9111
4839
3370
9352
8804
6423
5360
6525
1193
3407
5265
8021
7368
8852
4394
4442
2681
6916
4553
232
5050
35
556
6355
1256
581
7824
5253
4353
1104
5099
9819
2267
6478
5611
4947
9780
8091
3583
5086
9921
6579
1321
254
3495
2834
4887
6894
2692
6690
4722
894
8191
7248
2482
9020
8046
3798
2303
6157
8343
4036
4185
5180
1391
9208
2394
1905
3266
5442
2626
6224
6173
3934
2549
6678
7432
6298
8887
9556
3808
5834
9753
2090
5784
5588
2737
4316
4366
9160
2437
1007
5660
3438
3995
6897
6159
9278
5272
3898
1067
2925
7599
1387
8914
606
9501
2917
1615
8613
652
651
3123
6893
3282
3549
9632
4515
1230
7229
5258
5125
2737
7389
4053
1516
8396
1126
778
5783
1036
115
2200
2766
5416
2218
9852
5346
83
2318
33
2006
9732
1218
5750
56
3178
89
1251
3891
119
9303
2557
3873
3403
8403
1955
785
1806
5519
6958
8705
5972
5010
1250
1485
9161
7484
980
3093
2563
8272
4030
325
3141
1146
2007
8197
2127
1743
8418
6154
5969
21
8098
7174
5122
8647
301
4821
6671
1135
7156
2731
4216
2343
7969
8577
1308
6024
2187
1806
7941
2160
3563
1606
5226
358
1732
8578
3149
4440
4771
5750
4417
4947
9736
8564
560
3603
2140
2448
6185
5046
4999
5604
1279
1631
8226
7218
2257
7225
5409
3772
7644
1755
3496
8396
5768
3864
7396
6573
7809
5995
4579
1859
1315
1448
6555
1482
7562
5483
2794
2942
7777
2399
585
777
4174
7655
7804
2309
3619
639
6543
7641
788
6702
7585
3140
1413
439
7680
9925
1538
5810
4450
1684
5512
3784
7946
7654
9216
5864
3213
7685
1386
2489
4572
8758
7831
4010
509
2020
2548
3532
803
3642
7168
592
1486
3719
3566
5717
4966
3299
4904
1221
2574
5696
1021
1484
953
1058
8649
3087
5108
3018
4961
6528
8826
1091
2499
876
5740
6602
1956
2064
9715
3589
6581
5392
9951
5992
3331
9202
6987
9567
2348
4085
7016
583
5074
8984
3849
1344
2671
296
4520
2515
7042
2101
8293
2317
3831
7841
202
7474
3090
339
9773
2843
4936
8621
57
6903
8
265
2776
3071
7195
7964
4885
466
7234
2044
9561
5221
5627
4553
3905
3556
1413
2190
7728
4870
4611
7680
2658
6356
4339
8078
3363
769
3179
3117
4789
2694
652
2620
463
700
6389
2001
9089
2179
6291
1110
7873
1752
432
1405
2144
5089
2320
3885
1936
8531
7121
1058
1415
1086
600
1320
5811
2866
6419
8198
7982
5843
9131
5254
496
5789
6323
1126
844
832
2097
3901
859
651
3143
278
6289
6936
1964
486
397
8428
6890
5567
2939
707
2349
8976
6127
5740
6824
9704
897
7809
1033
9521
3261
3251
6327
3089
4048
7976
3127
3000
525
4394
8241
8774
2416
3253
4057
210
9354
638
1059
6901
6200
8070
4440
1823
7858
1099
4663
6171
9888
1657
6584
3796
1909
5020
6306
9150
564
8621
1462
7542
8245
6692
5488
455
2085
4283
2675
4361
5911
4425
5045
6138
1724
7642
6063
7394
7826
1390
1331
3479
9434
670
1002
3624
7664
9593
7495
514
7036
1478
6491
2283
6025
7655
9244
9746
5970
3533
7200
9107
5074
7573
5978
8170
6197
9425
1222
429
6378
1605
2987
8627
9786
5854
9210
2818
5547
232
1931
9663
4162
2072
1300
1526
832
869
7950
1152
8643
1614
9381
6684
2874
5311
4219
9884
128
2853
3373
2306
2007
9632
9909
3304
8728
2762
1480
3083
7480
9690
134
8797
9035
6850
4624
250
2756
2619
2053
4189
8326
5968
9651
1906
6755
9135
9122
7300
7570
963
7469
4357
9524
1725
527
8920
2474
7099
2470
8368
239
72
6974
4
1479
5339
3494
4488
8221
6230
292
5740
5899
1557
9328
9208
9335
519
9956
9665
4063
2568
4942
1136
1504
8529
8015
3526
436
3764
1663
9772
9424
1158
3198
3818
4277
6013
435
6464
2092
6125
8563
5781
7452
7586
3570
8718
7478
4330
9984
2351
2059
7432
6558
6313
4020
2537
9105
6291
209
1348
2771
9935
4482
3251
6162
879
3407
5174
6491
5429
2050
1437
8627
6539
3117
4396
5055
3650
1367
9705
5435
4096
857
8199
5357
7751
7380
3565
9206
8766
2564
7242
503
6941
5990
1451
1878
2136
3530
5909
3630
5585
1478
5723
3024
6189
4423
520
8713
456
105
5291
6867
2476
785
2829
1992
8890
4600
6824
4725
6667
8535
5550
1899
3032
2436
6778
1055
5884
6455
8309
7699
1616
3313
6812
8222
3772
1580
8803
9317
9652
5557
204
5442
1869
3142
4688
284
4551
43
2336
9441
6561
2350
3271
2992
1994
8308
7303
6995
7395
6701
1602
4491
7187
1786
6508
1928
5238
4735
3773
680
3125
6307
4681
7927
3427
9164
5153
4005
6557
9553
651
7163
1543
7648
4164
2387
171
819
3446
7459
5608
5959
7894
2800
9134
7109
5239
6238
2016
5175
296
2740
8954
4700
6793
2614
4262
3597
9309
58
9416
1257
9149
48
73
8327
5739
1217
5504
286
2734
8679
1915
6308
6639
3546
1439
224
7826
5144
8684
2040
8963
6891
2225
504
574
967
4135
1933
1176
6778
3444
5779
2291
6891
6430
4100
2052
2399
118
2717
4708
5007
2014
691
394
427
8284
7044
3338
947
3141
8817
5197
8504
845
4036
9123
3244
7514
9427
5334
3447
7869
566
413
4048
5545
3282
7981
1290
4733
1892
6431
6440
985
5353
6101
6972
4807
631
6235
8106
9785
2583
1483
1805
5968
8035
9618
8660
2362
1537
2464
6037
1373
1664
9972
3355
8516
3072
5192
3776
8692
2715
2810
1559
9838
4068
4311
3374
5986
429
9824
1591
4753
5375
770
2168
9226
4145
501
9827
9392
5070
4140
9921
7139
4433
3464
8517
7796
224
4672
2496
1508
3908
1988
8481
2992
2470
7578
1324
6670
8918
2139
6800
9729
8800
861
6327
6788
4010
7064
5390
6918
8848
3922
2331
5956
1738
4628
627
9285
3313
8017
5903
4089
3530
1628
1260
492
6618
5577
6875
188
3371
145
1799
2879
4887
3969
4836
1654
6324
73
2066
1078
5158
4385
1697
9084
4768
5699
9258
3206
6968
7159
3552
6005
217
2245
9054
8151
9097
279
3594
9251
7539
5936
809
2655
3409
1405
1607
7524
1399
2455
1610
1366
883
1670
8359
356
7063
6940
3116
234
3114
3159
9371
4724
3166
6144
2849
9020
1340
518
2436
322
524
7310
9195
7439
6050
930
1045
4124
9092
1966
9823
7544
4536
7172
699
5146
7646
9948
7148
1539
2444
6134
132
3773
4744
6838
5216
1317
3855
50
2473
3244
4296
1010
7033
3708
3391
5343
8010
1323
62
9681
3896
7960
2493
6096
5762
7764
2294
617
1116
3308
1471
1212
9522
4722
4728
2138
9318
3341
8202
3983
6103
8403
9627
4542
8185
8643
1184
1812
72
660
1734
6708
5485
4622
9748
1133
444
6439
4036
2777
3579
2869
696
9219
8502
469
439
6088
9567
1796
9731
4626
7647
7899
8919
1886
671
2583
1469
2749
5464
4692
2485
8538
7576
8469
7854
7808
7599
7164
507
3161
3371
3284
5681
1697
83
5246
3618
5283
9706
791
6010
4149
118
3156
7522
7423
519
6639
5916
855
9147
795
6884
1364
8007
7281
881
791
8657
9403
6513
9779
6932
2284
1877
8279
1007
7390
3367
7774
5891
544
9622
8675
4493
781
8495
680
2405
2709
6852
1354
7761
5241
8888
6745
4282
2137
8223
1688
7152
137
5299
4073
3669
1492
678
6630
8853
9632
5508
9973
5546
5413
8347
7661
9164
6792
6941
4413
6555
8620
2478
9950
9859
2175
6613
5413
7844
1308
4923
818
8125
9186
5925
2396
6945
3189
1276
3609
9900
9361
266
1638
4665
3969
5229
4246
3950
591
154
6410
2884
4970
1991
3136
2669
4877
7347
1739
9367
5096
9698
6359
4398
2205
9576
3819
7815
3963
9443
4584
7383
9109
8768
6589
799
4428
2201
3365
7186
1700
7312
4236
8154
8010
5663
7595
8991
6690
1341
3007
846
330
9375
5729
266
3451
1146
2225
6377
9304
3692
9871
7555
6600
1136
4154
2548
1244
214
7403
5977
2524
2860
4461
6107
9879
609
6788
157
4587
9583
4208
9479
1784
2485
1002
9541
4200
8628
6753
7077
7366
567
7473
9143
5151
1476
3999
6759
4784
8098
2885
8213
2951
5438
354
5452
6122
1583
7667
4524
8732
2765
2135
4324
47
5574
6200
3402
952
8056
6225
1472
3200
9662
3541
6599
9483
4100
242
6406
2597
2256
9191
859
4904
7640
7148
6488
2081
5880
315
1730
945
5108
8287
5537
340
7809
6951
8051
7821
1459
1873
8704
3576
2460
5741
9519
7747
5889
5862
418
9088
3945
4721
8805
231
5097
1663
5299
1814
3031
7202
3071
5432
6807
4448
522
3170
3263
6668
4406
5077
9142
1322
3297
8667
280
2779
4610
1549
1443
5005
9430
3480
53
9237
2404
997
4526
2757
4355
2636
3715
3735
3815
3039
3709
1208
6439
2332
8086
2364
5534
973
8914
9409
368
6454
6033
9210
7590
8971
8750
1893
921
5597
6263
1857
6642
894
1500
2556
8997
3082
7175
4031
3380
4806
1135
3778
6757
171
8520
5675
4177
4142
7362
9603
1712
3032
2692
5344
465
2749
2003
176
169
8774
3880
4827
502
2839
2617
259
14
2564
8810
1323
171
4685
6654
5914
5115
4368
6381
7094
9196
8208
4899
7537
3763
1995
6146
4275
3060
2242
1753
8280
4054
7308
3041
5019
5483
7735
1233
7302
4900
5548
4852
7649
8519
1757
5119
964
9480
7450
7302
8838
6938
7800
2520
3759
171
4617
8304
7568
2073
7914
1347
8953
3243
2848
6235
3975
6673
6668
521
1568
2642
1051
5300
8998
4006
4485
5730
6803
3941
3179
8229
5681
9378
3734
3756
9396
7873
1729
3593
6531
7985
9728
9456
636
4695
6456
920
3377
3109
7840
6698
2568
268
6567
7707
5456
8423
6161
455
3179
101
6389
7724
1470
7860
7635
2741
1136
3729
3380
4104
1179
9012
2336
6151
2733
2354
5704
9709
5299
8174
6470
9068
1264
1050
3266
6901
5507
2148
2028
164
6521
8390
4246
1210
822
6915
1246
9155
2547
4036
4475
4567
1963
3443
5780
2356
1981
9348
2827
3668
1815
2659
1018
3521
177
2478
7104
7043
2523
1222
3088
8405
3841
7032
3435
6725
9048
1147
9197
9697
1454
1557
7692
3061
8599
4544
1640
2610
3976
6586
971
5115
4718
4459
7978
7243
5340
1191
8699
4499
1725
4723
8635
7926
8328
4641
3266
7633
2904
366
7701
6605
9712
2253
3069
3500
1093
5008
8327
7234
4193
4503
8015
7800
3618
1017
4192
171
5793
355
7483
7280
6319
6315
9423
2254
1774
5617
6097
5135
673
7808
9626
3820
5490
9460
9868
2987
8925
1918
7870
9976
6673
1585
1895
5650
1216
485
8558
8183
2623
266
2522
4656
3944
1647
5864
5338
2261
576
104
3256
6442
6524
4094
7987
9497
7953
4728
5617
7742
4197
2473
3176
2390
8184
867
8288
9230
8549
2185
5405
3198
2319
8930
8218
2155
8018
3042
8458
8448
523
5488
1233
3840
9315
3599
6993
6042
2506
5609
7493
8242
1118
4417
806
1903
4353
280
1973
9728
5749
3084
5925
226
4664
1983
6729
9083
5776
133
4052
5321
4182
5215
167
6189
7591
3091
2190
482
7926
8257
9998
6218
7635
7610
6648
1301
6224
7562
4080
735
6145
1011
9631
4430
8925
1560
9622
7346
5639
5568
4796
6352
8438
4425
4641
1454
1133
6048
4295
4017
4637
5460
6090
3654
3550
1591
1535
3984
5969
475
9934
8666
4041
5460
4784
5697
6724
4361
7132
8109
3371
2254
211
3197
6570
1675
4033
6563
3650
2312
5428
9151
5245
5647
8505
9598
1854
7529
2262
5018
4965
4585
5180
1294
4894
8279
2899
4182
617
9275
6565
3164
9607
1855
1134
4794
8241
2894
819
8337
7718
1899
4052
731
7185
2387
1399
6135
2223
5128
4983
4937
6074
9006
3070
2385
6401
5402
7423
3711
236
7550
7774
8012
215
513
1946
709
6494
4282
322
3069
5305
7216
4473
524
4329
9097
4283
249
1360
3808
357
9046
4257
168
9581
6038
4931
8844
9572
1904
7815
8441
681
778
7803
8478
315
4345
1796
9198
6570
4708
2580
629
7002
5165
1326
3351
1019
9005
4556
6659
5946
4098
7152
9765
4001
2443
6847
1817
283
1842
8732
2705
6157
1635
6488
672
820
5795
790
2254
87
543
9558
7179
5817
9513
6837
6749
7750
8472
5857
6240
714
6944
875
7047
7416
5390
2111
7257
5991
9286
1474
1035
2504
7952
9347
624
3751
967
919
4459
3975
6956
496
2149
6169
4620
5407
7612
7437
723
225
6050
7341
1512
9986
1971
6060
1255
3884
6637
707
9222
4357
8908
2201
2928
3647
3949
9206
465
7626
55
1621
2375
8837
189
5663
9682
7536
801
1125
7337
9767
2315
9591
9864
1404
1350
5286
3195
719
8151
4982
1659
7796
6423
8191
663
8663
7583
6124
6985
7834
7873
3647
5411
2689
4896
862
946
7559
1839
7400
801
2247
2085
7525
4736
785
5384
6414
2274
1562
1595
2561
7814
1364
5659
1259
8074
203
7588
1876
2381
8409
5213
2419
947
604
7857
976
550
7254
6025
1660
5791
1363
7143
867
430
2976
8999
8695
5985
1504
6066
928
7436
2844
3743
2278
6551
58
4990
61
7090
871
527
9754
360
4161
9808
5261
8412
5013
6587
6007
467
4646
7523
9264
752
6677
1699
6386
6735
6336
8369
2311
3135
8533
6075
1902
9691
7061
8136
2942
1423
1153
1446
8696
3642
8748
3524
1121
2480
6255
4174
3981
8660
5288
9006
5486
6636
5919
9045
2478
5573
4769
3790
1459
4791
6412
5311
2439
9516
4659
7259
5954
4832
4024
8097
9049
3411
4343
8709
8323
8291
1663
7156
4877
3980
6087
4691
1994
9188
1322
1847
6737
2022
9976
908
3467
7660
7092
4865
9679
6888
9554
7285
1199
555
1530
1861
1121
4138
187
1179
5647
5262
1584
4221
1420
2638
4830
279
4423
3799
2625
77
8928
6063
6354
2231
4708
6793
6986
1860
6982
5945
8059
3630
544
1270
8063
430
7277
9202
1032
4408
2126
2609
3882
3942
2175
3880
3855
6976
4597
2678
814
8545
4704
7742
3798
486
2449
8523
3622
9994
1384
52
3629
1703
5463
5906
2321
1698
9230
5466
26
3712
7897
181
2028
897
4689
637
750
5232
4602
5137
6290
2459
4895
5407
1579
247
5959
7432
1246
1411
8545
1051
2936
3740
8507
8426
2232
1599
4145
6135
5745
8195
6889
2113
1416
5186
5081
9499
2525
2170
6710
2312
4868
4505
7961
4427
2549
592
9711
2201
129
9384
6793
9638
5380
9142
8850
219
1641
4451
8505
1004
7531
8399
9793
500
1005
7217
2339
4929
4948
376
3545
4499
9268
771
2241
8633
6142
5684
1283
3297
601
7385
9924
5881
9334
328
5130
7324
1460
2370
9258
2138
1096
7103
4803
9912
4757
8706
35
7953
8578
7238
7201
6574
8923
2482
9144
5963
1851
972
3596
9265
5191
2775
5297
8184
1651
7051
2336
6924
4115
3563
2137
436
6307
2931
4200
5286
9010
4042
2074
1416
2989
9264
4121
6582
9529
7773
2455
2150
9326
1729
8768
2158
5860
1177
9179
9837
3740
5034
189
6668
6650
2562
5512
7696
6283
9707
8235
8484
1059
160
4240
7971
8374
4252
2384
6042
325
9775
8587
7961
2184
6473
3947
3409
5119
6164
4865
6551
7482
4827
1819
6449
9423
4635
662
2109
4629
6203
9247
5127
1618
1482
5378
5549
2758
6153
1248
7893
2792
1348
1027
6906
447
987
4959
7120
3890
157
2254
8519
6760
1699
470
3661
8912
4955
8560
6636
8037
6396
6907
5754
7095
5759
2099
4489
6801
2829
4469
7848
2518
258
7114
6464
5881
388
5248
8985
1835
3604
2626
5332
7282
1283
6259
118
2040
1748
418
5925
330
8752
3403
8328
2232
9286
9483
1637
7627
6643
2211
3910
7252
2181
1657
8400
6910
8529
6876
753
976
4155
9883
8360
7044
1690
2465
202
2213
5382
7714
1292
4472
2454
9341
9202
7495
5239
191
5680
3284
8142
9226
933
4790
8144
8862
6881
8095
4523
947
7987
1282
5119
5677
9021
3719
3135
1647
6002
108
2916
3167
7603
1440
3659
9906
4986
233
336
71
4636
3472
2559
911
569
4229
316
2577
8653
9907
9724
9512
3187
1032
3681
2624
4655
2809
316
1511
9019
3889
3898
8617
1080
2986
1523
409
2531
1504
7266
7727
340
8972
586
145
9440
8639
2804
4956
7942
1562
5952
6013
637
3929
604
7800
1296
4247
3237
647
9770
4269
7757
3512
4654
1377
6037
2242
2038
5281
8782
374
4235
1205
9922
5552
4284
9486
1234
8998
168
7390
65
7213
9617
8050
2542
517
9052
1154
7668
4162
1139
2116
9069
8743
4716
4614
1537
2349
6664
5651
5417
9763
5472
3666
2190
2966
7631
6736
1189
9092
1401
9413
8200
2941
367
9524
6150
6632
7291
3681
357
6590
590
3829
7835
4529
244
4447
3232
215
8438
2292
8115
3973
1711
833
1579
2317
8140
3806
769
1999
8264
6144
9361
348
4771
2776
5159
6979
9342
1358
9196
4661
2538
1870
2413
6206
1961
2444
2147
1218
7462
5657
8970
6601
1128
7993
4051
2628
7238
2703
6199
4548
8581
6301
5930
742
406
8761
8549
2427
1459
7388
6713
8994
3574
8301
792
6775
5136
5243
5422
7576
9628
6020
7199
5709
162
8275
1673
6942
7747
2429
2905
9004
9501
2138
1314
358
6489
1123
1455
2059
8012
896
7314
3067
8215
8092
1154
9921
13
3052
3494
657
5574
8299
5773
9430
9020
986
5506
1526
3668
5812
9135
4658
6995
1418
4326
3732
4748
1585
8833
946
3580
7332
1060
6950
2564
3987
8422
5049
9187
9250
7526
723
164
6287
7845
6444
5529
2912
4920
2451
8095
4861
427
8874
1001
8752
6492
3586
5571
8423
7745
8479
6440
1875
3655
5068
1118
194
4302
2181
8444
1794
6572
6000
9586
5240
9558
5830
568
8022
9349
4623
5275
8569
5234
5695
4238
1673
830
1179
4871
214
673
7624
3973
3682
7284
241
4251
6126
5580
7861
7437
4861
4987
353
6639
6937
6070
9319
7357
6022
4882
2902
1984
1550
1358
920
8699
4014
3395
4217
2092
5013
4008
506
1593
1442
1854
31
5748
2442
1043
9931
3190
5074
8952
2177
9891
9683
9205
8015
2036
1810
4254
5180
2671
7265
2011
2869
6129
7141
3918
4602
144
3312
384
5818
1380
5111
1232
9156
2642
1452
5066
6442
1035
2170
9394
3740
9236
6616
9386
4395
8018
1948
2141
1394
4781
9615
2837
1612
9573
3487
6355
758
1556
4881
4722
7388
8124
6573
2960
3920
6903
8984
3482
2486
2093
6025
1117
3441
8850
6708
2950
6228
6254
1816
3265
7460
3190
5022
1109
4144
9252
5783
856
6688
2495
414
2085
9624
2532
4642
6774
6946
5187
7640
8596
4408
3051
8252
732
5885
6042
1725
1150
1366
4871
2275
2022
2609
1411
2633
6159
6382
408
3878
1397
153
5675
1460
5726
2567
3232
5042
2141
6167
1753
9317
4030
8158
6236
8018
2412
6871
2279
196
3028
1422
6443
734
8901
7662
8355
5046
398
5116
802
357
9586
3049
1010
1900
902
8847
4752
3323
4901
3581
2069
8584
6216
1910
7983
35
8946
8410
6660
3215
1575
9582
3956
6356
8251
1946
5832
826
4807
59
8955
648
2793
7629
1845
9945
5886
8942
7634
7486
4513
6072
344
9942
3550
5091
1965
9584
1955
5557
5156
3183
9829
1209
8990
7261
2262
1484
1761
1617
5727
9044
890
6087
374
1532
1415
4754
3116
6971
4039
5205
7400
9770
4787
6268
3175
6881
5168
6593
3307
5541
6935
427
9815
3745
323
6906
8272
6067
5617
7736
5158
8080
7061
7015
4641
32
6911
6869
713
7128
4169
4742
1013
1629
6942
5307
4210
7897
4367
3628
5376
9295
6404
827
9670
8960
6887
9835
9507
4836
392
5973
2025
597
8886
7689
9254
7741
9335
3997
939
801
9046
1548
2246
9195
6865
6692
9383
136
7191
4669
6286
6141
5450
315
1257
1519
9206
5097
9281
4322
4059
1383
8519
4704
4671
8086
2852
1132
3773
767
2486
7822
7072
7821
1811
8725
1055
1833
8662
1092
1911
5159
1916
3278
9913
5651
8798
5946
28
8711
9167
6208
5492
375
1438
9381
1154
3224
5859
8829
3918
9022
5193
9379
3392
3988
1184
2079
4703
5753
6375
9574
7984
2601
5256
9716
6273
5956
824
1042
6698
1226
6402
8634
1432
8076
529
7890
273
6327
7553
1400
5849
1341
8923
8716
9569
9182
8631
3804
166
3202
7550
6654
1196
5662
5831
179
8244
361
3609
5809
2673
5088
9239
8486
8527
6810
9941
7778
7892
635
9461
448
5717
4644
9545
9304
9474
8641
7471
4721
5817
8904
7150
4442
2744
4925
5984
5564
274
1180
6516
2672
2121
8117
8273
5240
1801
789
2086
6195
5620
6136
8275
1556
6533
1696
56
928
9615
6358
2106
4151
1017
5971
756
2579
6415
5146
5060
9441
5758
1459
5491
4511
5585
1013
6165
1245
5503
2021
9918
6689
5009
7566
644
467
7474
5792
4975
6202
8751
350
280
8235
9656
1405
418
8181
5584
4224
1573
5315
5267
7540
8812
5167
9634
7483
190
287
9273
942
3748
2706
1615
1420
7516
8317
6264
9020
1513
1109
1799
6746
2721
7309
6152
8390
6806
5502
9552
401
4807
6393
3445
5900
7360
5628
9196
9428
4971
4426
1193
1847
134
4804
7204
4163
783
8672
4817
353
535
2107
9183
1043
5607
8145
7843
3858
8718
5853
5689
198
2700
4892
4869
113
8197
9519
2345
1378
121
1841
763
7535
2492
7922
9746
2646
9445
4241
7773
828
4034
552
6525
7122
4982
296
5335
5748
1398
3693
2451
3104
5531
6575
5360
8002
2734
1541
9092
954
5688
667
3686
7386
3623
7802
9890
8739
764
4604
5298
3585
3366
5191
7981
6975
9057
6183
7677
4035
39
2111
6270
2515
692
8790
1431
8692
3241
6326
9868
4757
2830
3010
6161
8241
3408
8471
6319
7250
3032
9804
5744
5083
6542
4861
5074
5425
136
519
853
2424
7586
3126
5683
6589
5717
1988
1923
7838
7931
148
8239
1144
1312
1343
1892
1185
9475
4634
9798
8125
3104
495
8715
596
2697
3283
7725
1625
863
2062
8944
6125
1137
4583
9878
8770
2487
1128
6017
1024
4274
8873
8051
3257
8485
3496
373
4354
6249
1999
9399
5223
9423
9079
9746
7451
5673
2967
9462
2732
6566
1498
4638
2036
1818
5710
4228
7027
1011
1734
5974
2089
2891
9750
2764
9479
799
17
9517
8842
7936
42
3805
2477
2596
8493
1244
2248
5134
5183
1743
6645
3866
4603
5734
9537
8532
9141
2667
1684
4021
1656
544
2412
2043
2757
9623
2661
1629
8861
8637
275
794
9822
7788
7211
6040
875
7243
6025
1826
56
6295
4117
2754
3232
9875
9978
8898
347
149
2972
441
5806
1053
6121
977
101
1329
253
6527
6342
2823
1101
9484
4411
3687
3337
3588
5172
3277
2588
9109
8875
896
4389
2178
7041
2364
5129
7028
2880
9496
3521
3831
9493
7827
1847
16
2404
455
372
6593
8086
2459
2300
5115
4581
434
1785
5912
8875
8244
1545
337
6185
5102
341
4669
9927
7254
4087
6437
8688
5419
5471
9335
6737
5588
6306
167
1169
9975
5052
5601
4641
6764
9666
1191
25
9851
798
3128
7919
6461
760
8736
5008
5180
320
2414
4602
2385
1820
1798
951
124
9108
2311
5895
6878
3624
2683
9224
5570
8384
2822
5225
3573
9136
8101
2554
6859
7595
2730
2129
7881
450
1205
2392
2152
4437
3639
9853
504
5434
2464
4217
2158
2722
7582
0
1021
54
6539
2534
8966
2166
2647
4437
2816
7316
881
1196
8783
5077
8701
1767
5186
1342
7628
5402
8778
8211
8818
2400
2447
5314
433
5860
3640
2375
9403
3297
7652
2416
4424
2220
9538
1428
9532
7401
3422
8054
754
6702
2701
7606
97
138
5632
4049
526
2378
1734
685
2948
8130
1625
5371
978
2172
3118
2830
8392
561
6912
7612
1404
1971
2484
7611
3110
4505
4028
258
6221
4335
5950
5193
2094
2121
3047
453
2313
1566
6180
6382
2348
8830
6990
7019
7536
7970
794
9809
6537
5516
4119
2204
7528
8927
6299
2959
6643
6327
8202
1990
2695
9259
2449
2336
5187
3976
9134
869
2619
5707
659
9523
5024
838
3018
2661
3700
4693
7004
2326
2483
5700
8509
8442
5160
7420
842
7446
482
6098
4404
4621
9356
5170
1573
2185
8871
2744
3977
5356
6095
296
9146
9850
9402
3273
7056
791
4712
6439
2739
6989
2666
3673
806
2749
3282
3877
599
7333
6354
6364
1334
2805
6789
8371
7557
1120
6250
1537
3167
5574
3481
5119
1545
8174
7041
3265
1628
8781
3937
1913
858
1069
6503
4017
1171
4624
4525
5071
7515
1581
3706
3416
5011
2438
3915
83
679
6418
536
552
2485
5397
9145
2263
6283
5861
2248
6413
9915
3408
807
5055
8122
6726
8578
7161
1383
4884
9608
8260
258
7938
5667
4894
8045
3709
4491
2683
3650
4609
3944
722
1123
1395
4091
2736
1818
4422
589
1028
1352
7232
9013
671
7761
5994
4666
3198
9812
6255
551
2586
368
7741
5333
9295
7497
125
2348
6218
2419
9391
4274
3410
8964
2508
9570
6749
1223
536
4867
6600
5700
868
8533
6733
7251
1955
8217
6211
2935
6067
83
1266
897
2036
20
195
317
2554
34
8705
7015
5978
3195
6683
2188
1785
4189
6174
7963
2263
8690
388
3998
3418
3104
5959
7909
310
8496
3551
76
2925
6613
3239
4487
5075
1696
5360
596
1051
8730
3219
1954
3284
695
5605
7312
1085
7049
1828
2174
3885
5995
9563
5139
6796
1178
6595
7913
2319
6561
2134
1449
2148
1843
7312
2731
1789
5243
4330
3432
2997
139
8863
8563
1547
5201
1596
2414
719
8806
1618
9866
6323
9416
2737
1622
5133
7240
1131
5133
6203
6572
8302
3581
6694
4265
7724
4318
6387
435
9405
2566
4338
1840
9808
8072
5508
2319
6420
5691
2646
4224
8860
8695
2078
1144
4907
9345
8834
6035
4253
6153
2751
6514
5418
8391
1215
5120
9103
1751
172
38
7774
8111
5426
279
7682
2346
7395
4884
856
8785
8712
607
215
4818
4965
7990
3003
1859
4805
8243
4719
8164
350
7669
3309
7493
1939
7870
6016
2824
9416
7699
5247
7986
90
3716
5654
564
162
3446
9537
6267
6533
1346
8016
2625
4597
8619
4307
7084
2425
2148
4150
3170
4809
7312
1932
5904
6150
880
7721
720
8607
5184
5868
3371
4710
1571
1974
425
7693
1449
5208
866
9747
3476
8757
103
2436
3014
6641
9731
9038
7547
2719
1950
9207
870
9526
3735
1224
8463
9456
2651
5225
2929
8996
9467
6953
8247
2526
4651
3862
7901
8585
2472
709
4903
3407
184
759
1054
2542
1026
784
9619
1454
2910
9111
7370
96
8527
3109
195
1599
9559
5997
5145
1833
4193
6480
494
5384
826
5544
9324
8268
7177
2228
6270
7348
4688
9953
5819
6949
8320
4218
5706
9005
9477
2913
3429
608
7041
8749
7
487
1451
8817
3647
2671
5220
6314
328
2471
5489
5643
2523
9884
8077
1098
271
6975
4214
891
9050
8567
8112
8835
4354
410
6716
6457
850
872
2010
8542
8181
4278
1762
6086
2567
445
6365
9823
7860
9233
6866
419
7300
1899
119
2545
2294
1143
7109
9004
4640
6321
2561
3584
6658
2630
1377
305
2782
842
2161
4695
638
3083
2804
8524
3728
9837
356
9896
5228
5715
1678
6621
6500
5061
8652
8269
6394
8362
8571
157
4728
244
8069
8407
2628
7396
1796
5848
860
9944
2392
1355
9314
8846
4092
4059
3794
5968
7151
7753
5466
3183
8247
6520
8998
8036
9584
5111
1826
745
1245
8244
1263
695
1867
3503
1676
600
5192
8334
7706
2622
3261
2207
3539
1712
6141
1165
9465
2145
6596
9869
3294
9631
202
6135
7257
324
551
9923
9547
620
6085
2420
6576
9597
2926
2496
8895
3029
5398
2313
4883
1108
3047
9646
432
2955
6133
9518
4295
6264
5390
7393
403
4195
3472
2559
3439
6808
2523
4972
8652
3049
1940
5750
8858
5227
2305
2100
4816
3853
3915
5858
7575
8033
1004
7194
2772
5833
2517
5456
9555
7548
6753
4199
9714
7450
8113
414
4553
6590
1966
8322
6358
53
253
3333
6028
3139
1648
4043
9390
2951
793
1811
4824
5135
2247
1064
4449
4214
6696
7898
8834
4307
986
2507
1957
5228
7942
9467
8560
1107
6251
4372
9657
1538
7673
489
1933
3542
8321
1503
139
1071
8251
5858
238
4162
7815
9592
1744
2673
2926
2615
9343
1214
247
234
8644
3044
9599
2292
2082
8415
3681
1313
9832
4488
918
9342
6801
6707
4074
7926
8733
4712
7840
6150
3824
2006
5824
48
1902
5664
7940
4968
717
5616
6604
8239
9985
7029
1233
3855
5767
9541
9154
9253
2204
1877
2993
4540
507
1494
9527
854
8949
4494
5961
1806
226
2657
3305
8167
992
1381
2535
8619
702
7164
7339
2058
2284
3726
7841
1528
1970
1540
7623
73
6326
1629
6995
3201
481
4143
8641
4239
2218
6769
7510
172
2461
3491
7337
8694
3679
4557
6509
1523
6662
1578
9178
1939
1116
7259
5810
2421
5518
2318
8115
5236
3467
5676
8662
9835
8689
1030
361
7900
3006
106
5494
7495
8084
1937
1186
756
7436
4251
4531
6833
5922
4148
8734
3663
159
6171
5626
7236
602
1627
5251
60
723
8332
4997
3944
1961
3556
1752
3899
8689
4478
3538
7725
2608
1910
3591
6295
4270
1886
2972
3878
2547
401
6020
3127
2346
7757
9757
9091
2215
4426
9903
372
2023
357
1258
9033
5462
4217
6125
3274
2177
272
7369
7127
3946
7852
9186
2753
7797
9216
60
6582
604
789
188
8736
6769
1234
897
5288
452
94
6188
3625
9201
1595
1740
6609
9439
7968
2214
2948
9710
5040
629
4175
1982
4395
2117
8961
3743
1775
7149
4230
1717
4974
405
9750
8112
7719
7144
9380
670
5903
9681
2287
3904
7534
4230
9155
9303
4148
7989
6772
274
4955
9048
4620
5145
879
4142
7266
6958
4664
2859
5517
6530
9304
3878
785
1957
2146
2928
4140
1112
9916
6714
7620
2855
4057
660
3525
7042
2057
5438
6299
3597
2064
9251
4077
5868
3417
893
1670
978
2687
7395
1180
6397
6578
1661
5644
8383
259
6306
5216
741
5646
4870
2482
229
6834
5330
9532
8742
5621
1646
1781
3725
7334
1507
7757
1642
3751
142
2472
6250
5541
4338
5696
2125
3455
9759
1584
9002
1644
3434
4910
1398
4909
5619
1826
3578
6896
8835
8831
5673
9698
9829
1829
8446
576
3132
4643
1092
5806
6453
6221
6831
2445
2828
5169
7997
723
5368
8158
2637
3705
6840
6888
427
8313
3740
4359
6931
4618
683
7588
6006
6738
2366
542
9694
6148
2904
5622
1289
3731
1479
9979
1239
79
6618
984
4534
8118
7411
8281
584
736
1717
2978
156
2674
5864
6770
6124
9571
391
7369
6107
3394
9183
9193
1345
125
5526
3960
3523
9440
6872
294
6897
2981
8994
414
3859
351
8274
4440
6040
5087
4349
6724
716
6622
7109
2494
4573
931
3619
1464
3033
9281
1098
3832
1774
3207
4366
3291
1295
8359
6667
5199
9589
2463
8349
917
1644
6079
194
6019
8953
2
9210
437
1643
936
8636
5916
4245
6171
2681
4792
743
4546
418
9237
1405
9890
6923
3425
2723
2125
2378
2321
2050
264
8468
2468
2672
9468
3086
2683
6788
3750
6871
408
9213
9794
2928
1474
828
1951
2194
8016
651
442
6343
1631
5402
2170
5795
7158
3683
6817
5341
4023
3394
7721
2803
1709
252
1774
4568
2275
3772
1536
711
6783
6715
7365
3395
9974
4203
772
9904
955
9737
3018
6005
1940
2259
3752
8714
5027
6832
1245
8806
1896
5689
3341
2385
7130
7210
7055
9097
3961
7975
1885
9092
910
8229
8174
1981
2852
1058
29
2140
9442
7441
6600
725
5631
891
482
3603
522
1206
8833
1306
3116
4241
2286
2167
5287
1241
1230
8671
9918
9798
7659
1052
1798
144
7478
3788
9120
2684
5209
7832
2806
7654
2406
1521
7416
358
5210
1124
6037
1926
1001
3489
502
6946
7327
8205
6774
3513
1667
8476
9776
9617
982
1839
1376
1713
1886
1609
1106
1776
5166
8353
1511
3779
9648
2045
430
5430
5940
3083
7857
9784
5029
7749
2371
9547
5565
8839
3547
9090
5851
2000
2973
6799
9023
7285
9279
370
4174
3220
7538
479
5572
9790
3695
6044
2821
266
8828
4534
4038
2846
9601
3975
9756
8187
1488
4361
157
1666
3702
6637
7911
118
7396
5612
9169
6220
7530
8426
7234
7598
8845
8712
1371
6136
3578
3042
3237
9038
7633
9533
6932
8510
8441
3573
5474
2418
4025
7859
7479
9127
6252
7914
4698
9258
3579
1796
614
9650
5472
7270
3508
2961
4618
5610
551
3963
8781
9909
4953
8004
1666
2602
2337
7929
6849
8010
1481
4649
2318
2573
2772
2059
5
321
4011
7915
8122
7850
4162
5928
8858
2310
2587
9242
111
9553
1963
5223
6259
5082
4864
4731
3318
2107
7237
3528
4528
2661
4902
4484
3860
5459
5236
2039
9456
1180
6322
9770
9017
3283
7400
2204
4548
5146
3045
4205
3317
8471
9009
2345
733
9452
1353
2047
8587
2332
4677
3126
3330
1469
4902
7749
3819
6862
1696
8970
6599
2374
4878
3602
6115
2607
1800
5713
5117
6292
1586
6089
6219
4236
1767
429
7286
1607
2615
2034
7963
2639
8234
3646
1999
7738
1343
8467
5899
8133
7301
5328
7561
9350
3128
8578
5138
1919
6413
1233
5428
4916
197
3401
7552
830
1632
5009
167
2350
7921
5718
3266
9378
5518
8476
6443
2219
6290
8327
3236
8450
2599
6692
4575
4393
3831
3117
9310
3680
1934
2671
438
6340
2867
9990
5014
3931
6998
4004
892
2653
7928
1621
1927
1434
8463
1361
3016
3415
2431
3101
163
3127
2487
4405
117
7985
7652
3913
1183
9176
7646
264
7819
2912
8582
4566
1763
8355
9571
1704
3132
5777
6988
9776
5938
8884
1728
782
3361
9779
8378
2007
8311
5349
1630
1401
4619
9633
1594
7323
4447
2430
6906
5425
7781
4197
6426
9825
4888
8936
1072
5413
717
7802
7509
7024
6161
6015
4133
4606
4504
1479
9586
3654
5437
7957
9115
1149
3581
3126
7175
2215
4492
2148
1103
1834
7895
3022
2068
6101
1180
8956
4493
7135
5028
374
380
1516
4349
7942
6693
6816
9892
1188
4351
2594
8545
2464
962
408
8426
5603
2660
9863
1410
1486
602
1988
3728
3678
2431
8155
5911
1489
5588
5434
4043
2556
9303
7895
7953
2272
8257
4867
539
4060
9181
1750
6828
967
4152
7676
8105
4161
6858
1889
9062
4491
4890
1542
7346
7084
5729
1659
8796
2681
6980
38
1970
4101
6638
7133
8193
9560
3220
576
4771
2637
5593
591
1411
4300
9953
4833
187
2701
5582
4172
54
6751
3280
9718
7561
5954
1167
4402
934
1756
9718
6460
6182
9979
6219
2973
5970
7455
5990
1943
6370
5091
1326
9271
9546
6607
5015
2694
1725
7379
2607
7438
2378
5250
5297
1086
4501
4466
6455
9847
4041
518
123
9042
5899
7288
2904
6875
1045
6339
7639
1395
2233
5027
7213
525
170
2700
1777
7274
3184
5247
555
676
9258
4261
4097
7409
6460
2782
3972
6269
1444
522
2680
678
8964
7784
3264
9180
3246
8150
3545
654
4103
1473
6139
9596
5033
1993
1388
1378
6185
7155
9672
9237
6409
6630
7043
127
4895
4655
6523
9670
8291
4621
7903
6400
1227
2214
9682
1696
34
4606
2695
3812
5435
5125
3713
2797
1288
8270
4261
1182
3626
2279
4531
9976
3453
9706
4181
6947
4462
666
2481
8302
8528
4005
5570
2530
3925
3226
1372
5587
6550
3245
4043
1226
4856
9545
8562
5077
9190
2397
1384
1493
9372
7924
988
5770
1595
4324
2821
704
4929
9162
7624
1378
2615
2585
5809
8158
1093
9623
8166
9838
6990
7273
5915
1854
749
7920
4650
7378
409
2984
3831
1346
53
1488
2451
8933
6144
9186
1898
3189
107
5108
361
4245
8220
3089
9382
972
2207
7579
3835
3215
7172
1596
6092
4265
9368
6589
3585
6740
3316
6192
2739
1449
5355
4015
788
7025
9042
6339
5817
6897
8191
5933
2336
7766
402
4222
6324
1473
7039
5876
8583
583
7210
8272
1015
6101
796
4056
3529
1693
8799
9616
1175
4039
6173
4002
4511
2390
1100
7680
4842
1193
2793
7392
3742
4757
5299
912
2642
896
4296
6086
5446
9778
3038
5090
9580
3701
7798
5958
8276
1078
9803
8033
9046
1972
5799
5364
6026
91
7295
1470
6879
3992
3874
5766
6808
9205
8116
2555
3309
1057
3339
4734
3112
602
4326
6792
974
8854
8635
9023
2815
4585
1206
9580
1821
1151
5305
4893
9481
606
2707
338
9338
5357
8784
3129
760
4701
6269
1609
7159
610
6972
5379
9806
4680
3319
1098
9001
9379
4665
445
400
746
7384
3391
7401
1337
2700
4339
6162
1226
3197
3654
6460
8624
4279
3258
2623
8007
3398
7506
3736
7097
8607
8979
5499
1375
452
8469
4362
8377
1397
8506
3636
2740
7931
6910
7235
4216
1747
9747
5650
5100
2676
7223
2071
2521
8617
7912
8841
3423
9972
4799
6662
7730
5700
1900
4156
5001
2730
3461
6091
7686
4862
7090
9083
9592
9923
4845
7603
4753
8133
4108
5776
6612
6325
3817
2356
5657
2106
6792
9839
5056
2084
6898
687
8034
1631
2523
6710
7380
2115
2365
7734
912
9410
6506
3868
8094
3422
1070
321
4958
2349
342
673
5465
6586
366
3434
3128
4251
4091
4084
8734
2739
780
7710
8442
5771
7280
100
6422
55
201
6469
3290
9442
532
3817
1097
6891
988
649
175
2799
3133
5253
6254
2957
2937
6776
7348
3354
5455
1200
2848
178
5075
8109
9025
3400
3681
9056
2713
1164
250
1886
4318
8756
5135
5830
4277
2538
5530
4903
2306
4463
6152
871
7576
7452
8693
2307
4230
3629
9880
906
7015
3914
2194
4710
7644
9580
2404
7836
4665
4708
5746
6077
2374
3263
5894
4908
1125
5128
804
7281
5427
4237
8397
2909
8568
7470
2985
6911
4848
7406
2992
8236
7649
2812
3394
6
3060
5451
6484
1652
9293
854
7409
68
4928
7498
9061
3639
5029
1801
5369
1180
3731
9606
1733
1412
1730
7850
8616
1296
1888
3806
6893
9814
1584
1883
1114
7703
4488
5248
5928
1087
5792
8826
8153
9613
4100
2893
3848
8622
1176
7120
548
6838
4172
8216
7075
2450
775
8170
8130
759
3153
7390
9834
2521
6004
2958
4451
8494
8593
1467
9902
842
1487
8380
9918
2810
6829
404
5268
8055
9029
9150
700
1631
4038
4238
658
7881
9289
6550
2786
6891
7250
1589
8576
4678
9792
1508
6674
4905
3804
6226
9134
1972
3576
5148
5251
9985
4203
5466
8362
1265
2887
356
6
8840
6989
6557
6976
9828
5313
8406
3038
7503
4087
5865
8644
1694
2448
3584
5531
7040
1588
8131
6833
3724
1241
6844
468
4558
302
9044
3777
9239
758
7150
1802
4294
8154
9767
4077
2222
2373
3937
9725
2794
1138
5589
4399
6497
1433
4547
9541
1939
729
462
8174
3321
1777
6366
7657
9212
4058
8079
6131
855
3767
6623
8062
1818
3879
2747
5348
4333
6808
622
767
7105
8774
6129
1348
5666
7849
3241
8676
8285
9595
3237
4987
9380
455
7328
1429
3799
5147
2507
8346
9622
6503
1679
2079
5630
3204
5897
9837
6618
6225
901
7308
1061
131
512
1450
442
3154
3036
3064
2300
8295
7053
4469
8215
6336
610
9094
9323
674
7524
3028
5437
7681
9504
2899
6540
6038
2035
1118
9775
5482
6903
907
7667
6548
9310
917
9137
4533
7970
1043
5531
5541
3479
8361
1116
2377
4239
5721
1509
2557
2571
562
2333
7029
5151
1476
7901
1272
3248
6175
4975
9665
4097
5792
9452
303
980
5599
7631
4741
569
9101
6544
3093
6353
759
7661
8593
7921
5784
7537
9423
9389
6496
1373
993
4372
2980
5346
2724
5941
9720
4717
8987
111
8716
4245
9426
2566
145
6780
2232
8726
8092
6307
4380
4361
551
579
650
3143
1374
8471
9667
7459
6084
7360
5536
3746
2567
9532
1276
5594
3626
3370
5029
8957
3144
7917
5158
3957
5875
6141
2842
6599
1836
5680
5834
5110
7921
5987
9302
2456
2342
803
3135
9083
2723
2622
6117
3478
8757
3524
90
3579
4863
22
6
4292
1612
4113
2910
8938
5877
2321
6679
6611
5517
4342
3479
1181
7363
6408
2597
4615
4847
4627
5973
5844
1436
9051
2071
5600
9820
5604
8789
7178
4514
1871
9806
1406
2913
6888
2540
8564
748
8606
9752
732
4595
1370
9716
8828
4844
8167
1438
9718
2284
6599
5886
1701
7277
2860
9502
9467
8071
9137
6263
4845
6459
1092
2260
5047
4141
547
599
8112
4102
953
1924
2765
2338
6632
1793
5149
1609
6010
3356
7917
6650
9694
3624
2410
4553
292
661
5733
1934
5982
1032
2129
6833
4511
4674
9527
6414
8776
6322
5263
8489
5181
2159
1602
756
501
785
1678
9210
9525
2365
8559
9417
961
397
57
32
6271
3209
9073
6299
2478
9307
9356
2139
7478
4420
4898
6680
5094
6195
4808
3796
230
9283
7611
6244
6267
2196
2761
2124
9355
5541
501
7137
6226
6518
6359
6095
670
1195
1625
1930
3857
5656
5886
8819
4523
619
2026
2798
1016
2488
1814
554
5529
2877
2668
1938
926
4535
8562
1679
1174
2664
3759
2561
3359
1794
6198
743
3710
7200
1494
2706
436
1480
7312
5661
5759
1105
1754
1750
239
98
7934
5976
2682
4737
9299
686
516
12
9749
5960
7859
7093
4662
6542
9074
357
3617
1054
3817
8535
1832
137
4582
7086
4687
7989
9859
2723
8841
838
2242
3145
8612
4555
2021
3358
9190
1456
7221
2891
1346
1998
7451
978
4090
5039
6505
3452
2259
5194
2831
5009
9993
6144
1191
4874
1648
3800
2173
7344
5515
5505
8178
6952
824
2692
9994
4513
3860
5387
314
2871
8495
1289
7729
1032
4464
4030
5300
2458
1572
1894
2948
2820
569
5678
3164
5044
8884
9656
3659
2458
9237
1077
9358
9163
9117
312
389
5766
2484
9202
6211
9975
6353
2737
9770
2605
8903
1584
6138
7008
8570
8087
9266
639
2535
9276
5723
3720
657
6824
8789
4792
7436
1512
7838
8609
465
9382
7612
9332
3217
4744
9771
8358
521
3395
1971
8360
120
9145
6339
7642
2480
6804
7022
770
2092
9008
4209
5860
8201
4230
3443
9741
2091
692
2068
9480
1293
5707
6080
3684
2458
7621
6729
3416
7972
137
2108
5942
3942
425
2751
550
4644
5504
8427
7017
8445
6972
9905
7140
8807
6254
471
615
6331
911
5526
8081
6989
7988
2314
3414
8996
3875
3609
9441
4512
8805
8355
5671
2139
3725
7923
7788
2222
6953
7225
5896
1512
9024
4034
8042
7091
4631
9378
5207
7621
7790
720
5247
5692
2779
1563
8514
4350
8532
4221
8461
5137
7987
2878
9910
7288
4108
3257
1041
5727
900
4932
2463
1190
3857
1362
8547
2118
9592
2228
4319
659
7708
6888
3612
9288
8283
1485
7487
3678
5856
9590
1204
1540
9259
2232
6331
5654
8401
3018
6633
3295
2229
1128
1073
3021
5028
9386
3592
1523
3347
1
263
6825
226
6267
4404
6025
6204
8566
1750
290
978
8045
87
5657
1795
2112
3669
6911
5657
4180
815
4670
738
7564
645
8905
6965
5544
684
3485
6715
1399
9080
4911
431
9446
7376
8834
8153
2019
1752
6535
5153
5408
8642
9067
6816
2605
8713
7895
2443
4987
3010
5096
8007
8791
8034
8225
1849
356
6411
6882
6036
5274
2091
9602
4801
176
102
3228
9697
2065
3823
2823
1153
2038
2284
7783
215
9540
5491
6686
1353
3575
9655
4840
3570
7837
902
5409
9814
5334
8125
9749
4678
2351
3170
9991
6705
1541
4398
2066
6764
7138
3181
1252
3770
4615
63
2502
5697
6031
2350
2229
5564
1654
3864
8783
3883
5542
3408
8571
8618
7023
1747
1713
8706
3444
2989
7053
94
343
6973
2273
2469
6075
3983
2889
8949
2953
1639
4236
7378
2607
4564
5244
7764
3260
8158
5089
8062
7628
1967
2918
2202
7547
5473
2363
9975
2140
6301
1130
4177
7676
9128
1657
4340
2162
9777
1661
1236
8328
8192
906
3031
9907
5164
6504
7938
1127
6697
5192
4806
1110
8398
4038
2274
9165
5351
2280
2380
7632
3507
1807
2000
1011
1436
3220
4225
9694
4974
8896
16
2111
9916
2858
5481
3198
7837
9373
9272
3311
7217
1339
2233
4358
3170
1535
6518
4882
8009
1579
5721
8098
5335
5244
2980
8208
5251
8505
2306
401
1139
9328
3302
8513
3654
1274
7540
1951
6053
9839
2268
7693
858
2721
1428
1993
6363
2650
6210
278
4788
9633
7259
4016
9815
2189
3475
8837
7762
8456
2393
8878
677
5849
4567
8435
2960
6512
9984
1514
5754
792
4705
1225
8003
4750
2767
4978
389
3411
3171
5513
3718
5684
1358
9053
7704
1421
9087
9298
5115
2243
3474
9370
4879
1915
5426
4512
590
70
222
7444
1188
9616
435
6026
7163
2593
1482
1065
6663
8079
5913
1980
7104
671
2723
5555
250
9736
1231
2972
8208
955
1823
7903
1921
9850
5606
1567
7477
4774
1275
9361
5862
225
1220
4220
7423
5120
2616
8092
2395
23
9850
5231
1996
7118
6342
9272
8807
501
4560
1738
5354
5994
7779
9529
8964
9130
1931
7135
7216
7293
4559
5420
5551
2335
7513
9217
7489
6489
2830
8539
589
6797
5457
2731
15
3396
4630
9409
50
1618
2703
1236
700
3041
826
3948
5309
5292
4571
4334
6485
1319
1983
409
7117
2373
9304
8843
2699
6205
5524
5427
9861
9661
2068
920
7782
5630
71
5703
5426
1364
5488
6485
4245
6283
8982
2974
1396
6047
7755
4209
1270
2426
9210
183
2623
4487
2786
5
8503
2268
9915
3225
5260
9092
1464
4715
5864
9584
7016
7974
9422
3306
3172
7836
3806
3926
8806
806
2573
4684
9817
4435
3856
5644
1860
6956
7189
51
2839
5958
9539
9488
8646
1196
5807
1715
5686
3136
2374
3159
2522
2962
936
5421
2645
8538
5317
9525
7171
1226
4006
1614
977
2043
8892
1044
1137
347
7588
6870
7920
5338
6836
6945
5781
2955
3393
1429
2782
1060
9454
1991
9526
9628
5692
3598
8229
1978
7685
6990
4125
2639
2956
9389
6348
6272
4931
5080
5475
3481
241
4717
9414
3876
3655
2681
8744
2544
1030
8879
5613
8956
4593
1426
6805
128
1722
1224
4152
2061
6022
5885
6235
255
6073
1695
5688
5531
2526
8967
6191
6446
5640
3636
8192
5763
1815
9832
2745
3455
3863
9326
1338
1450
2838
6740
4079
7801
3373
719
7136
7678
1051
8826
1718
2097
8022
7691
2150
880
3894
8169
6543
4323
8380
9602
385
4398
190
5126
7146
6983
1071
6600
5671
522
7039
7826
3681
66
360
6336
1070
7841
2837
3914
5592
2677
6557
3172
2669
2488
5520
8061
8429
518
8618
7538
1427
6204
744
81
6211
4529
2341
44
6902
3763
1397
2564
179
1315
3549
1170
9880
3260
8066
5278
4423
358
1459
1301
6371
732
4245
5797
2153
7543
4669
4896
2937
7925
6595
2194
595
3741
1216
5500
1930
2171
108
8428
9376
1994
8927
5699
8843
255
2182
3970
9500
8899
8206
4370
2566
5256
613
1293
221
5440
993
9069
315
1494
5700
467
3325
6144
4333
2245
367
7828
4713
2298
9429
3099
850
159
9394
9760
985
6149
5754
6201
2543
7269
140
2763
2192
8711
3976
1483
156
9450
4900
84
663
4606
9197
7265
9652
8609
6765
1405
1882
238
3378
3351
8447
8516
4644
7214
7753
8574
5347
3841
4538
8377
741
2805
3329
7739
5310
7718
7817
4418
6993
2784
1802
6771
8517
1510
4839
3356
3190
9376
5391
2390
9339
9780
3349
8371
9205
9527
8166
5008
2653
1465
3841
6550
8201
1102
7917
3239
2504
2165
376
5423
1753
9859
9726
8025
590
1760
2344
8501
5716
1465
6497
4253
2600
3074
1056
7206
8264
1014
9564
5521
2116
3047
7235
8862
849
5843
1174
8086
5984
6403
6663
7227
3459
3225
5888
7075
2958
7165
4753
6615
1894
9678
9713
2246
6529
774
7449
5374
6963
8207
8705
2264
3279
841
7157
5703
4244
7906
1213
1272
2293
9669
8797
5949
8705
7063
6336
3668
2050
3100
5535
4562
1409
1671
2281
5300
1851
6964
7675
6962
4341
8112
281
5330
1406
8667
7293
8018
954
4116
3267
2149
9307
8094
8226
6168
6939
7986
5810
206
724
65
3522
3318
6440
7480
2991
4304
2118
8164
5841
683
195
9357
8538
6749
1994
5189
2985
2744
7841
9434
962
4001
866
3816
8676
207
1991
207
2904
1829
348
1343
7785
7523
1793
130
2531
1315
5893
3613
3701
3803
3114
9259
5774
1759
4660
501
8197
174
4830
3176
1518
6839
7161
8809
4565
5608
8125
7951
4758
9417
8319
1958
8327
8732
719
9446
6644
8504
2927
1356
9681
4910
5882
6726
2812
6042
4454
9685
6249
6055
3106
9155
1983
2789
4508
3746
1271
1140
1543
8699
3932
192
88
9314
6315
4664
1448
6087
1377
9546
9331
8075
2981
4107
3536
4811
9079
4272
6457
4977
1
3106
6704
9018
6855
2599
2448
388
3021
6302
2222
2167
3209
1815
6451
2454
9820
8912
6282
9528
1812
7903
5569
3288
9881
1961
3702
2352
9066
2385
8677
9387
3238
7073
9881
4107
5404
4155
6661
8142
7798
646
7900
3531
7406
8145
9270
6893
3551
7237
1840
943
3141
955
5910
2296
461
112
7813
7522
4838
1276
6674
1590
5310
5692
1920
4459
6605
8408
5514
5912
6114
5518
2600
5770
488
2506
812
2675
2546
2911
8620
5466
8951
8523
7505
9653
9813
3792
9168
3669
8656
272
669
5723
2226
2039
9654
9566
7032
8200
6522
692
3272
9473
5662
4956
4533
482
124
4910
5461
5393
2230
239
2395
2381
3336
3504
5015
2286
4459
2919
1023
4646
3094
3084
2898
9250
4445
3318
546
8014
4193
3398
4074
8259
3893
3403
7591
9135
1725
5418
6479
1745
5371
4816
5358
3609
3422
7128
8183
739
5062
7269
5209
4047
9898
2325
1090
9335
8285
4395
1608
381
6814
228
3715
7556
2743
7775
5937
8317
5739
2952
9749
9535
1009
2167
6649
1410
94
9116
6876
3630
661
447
4809
6937
2464
2185
4098
5826
7523
5947
8431
3907
2771
9094
7480
4569
8417
4736
6706
2629
2581
2494
2127
91
2278
2826
4226
2378
1396
5766
2202
3353
2494
8904
3922
1831
4435
6637
5666
8852
8305
2082
7874
5740
148
5548
7051
4038
3265
6246
6252
504
4176
230
8419
4048
9571
4679
2502
4388
4014
6640
2603
1307
1906
1238
405
234
5395
3298
7591
4605
1982
1736
3980
2225
3035
3701
7953
1205
2308
5750
4794
5008
9528
4580
2876
1326
8409
7926
1866
5130
9682
821
619
7102
6702
2129
649
4007
2432
3366
504
4010
97
8412
7147
9358
6776
4001
8747
7037
7330
7084
9874
45
8733
815
5201
563
234
8428
7436
9836
1813
9546
7693
560
6396
4946
8354
4017
6536
7484
9739
8124
3840
466
9417
1572
9243
8333
9186
7176
2217
4143
2519
1306
9207
891
5781
3052
2163
8851
6779
7102
864
9097
4390
1744
9919
5860
1401
5180
3677
7267
9666
6145
1730
1590
3218
1598
1677
1956
1324
624
9390
586
5182
5645
8808
6439
2819
9354
1210
1058
3494
2751
2147
4201
882
4351
1840
5347
9443
2673
3686
2943
6904
7149
6619
5961
3444
4271
8451
7198
6543
8824
9008
5384
2543
1832
2083
1336
512
1716
5525
6614
2522
3989
5135
321
5996
2461
2909
3868
6952
5137
4129
8869
9879
1269
426
2764
4567
2141
4869
1168
7383
1792
3603
7354
2292
8975
1067
6300
373
5169
4138
5276
6479
9308
2555
1518
9244
2890
5216
8994
1393
8223
2428
7740
8907
1932
9018
688
219
839
291
1228
7421
2808
81
7946
8854
1677
149
4409
6087
8372
6571
2103
4868
8302
1508
7052
4808
7646
9145
1982
8552
1068
5723
3669
4881
6794
1682
12
1485
9220
2998
8260
2411
1012
1592
2506
2759
8657
6563
7632
1415
8684
7721
72
7557
4034
6734
3194
9681
856
5069
2314
9156
1135
2486
6989
2589
7137
4029
113
9733
6673
9629
2738
6778
2000
3281
9383
7869
1558
7854
6071
3879
5021
929
9269
1664
2547
6799
311
6849
5076
2119
3468
8175
5303
9313
3941
6296
2262
9586
7668
1345
7580
3687
7167
3017
7721
755
8132
1231
1856
6823
2288
6390
1607
5982
526
6440
9186
5312
768
7211
8151
5641
344
2343
9245
2537
4341
3428
4531
2631
9993
2966
7662
275
1820
6577
9450
9931
6287
5759
2279
3886
7848
1383
4220
2235
6400
2182
242
7413
3711
380
4675
8348
850
203
8485
3694
646
7446
2814
7874
1709
7236
7261
5345
1414
6624
1620
6620
3765
2893
5671
959
8188
6951
1767
6581
7503
3396
7242
5733
8094
341
9122
1458
594
7011
740
1385
1590
7627
4663
3285
3827
9626
4336
4711
976
1546
2756
6303
2330
4173
1908
9126
4641
6265
6589
969
9133
5056
8566
8089
1060
1440
1498
5499
3685
4098
5575
4051
6739
6640
372
7338
8298
1762
5047
3405
1830
447
5711
4594
3243
7606
9774
7462
5777
4571
4993
1309
8014
2140
4415
8972
5646
3044
6084
2501
2325
1788
6571
9131
870
3022
9109
2252
1750
24
1441
5257
8637
4801
4627
5680
6757
1604
6431
8825
9258
667
1387
1692
8922
4175
1375
5779
1672
4712
2869
6477
2621
1721
2728
2912
376
6225
8435
8575
4857
7208
119
1718
4742
7808
5200
4600
2190
3193
8807
8524
3621
2841
233
1610
346
4068
935
2764
3284
866
1982
1844
1854
9502
4561
838
6828
8201
6064
8844
9349
5061
8220
2430
9645
3190
9817
6212
7008
8810
823
6021
6442
870
2615
8442
4129
2539
6582
3339
4570
6455
6401
1342
7382
1143
6900
6761
9880
7806
561
7639
672
6809
2907
5628
2481
834
6173
3312
1722
4379
5371
6728
1659
3953
3949
5282
4387
5972
2581
5616
4603
463
3958
4898
2958
6515
3593
2314
1095
3605
3131
8460
6021
7692
959
4649
677
5189
7477
3890
862
8034
7896
1205
6916
5122
4818
9898
6921
897
6068
9561
4997
2559
9639
1962
9386
674
4491
5284
9897
8968
5803
3395
2247
7187
1194
1603
8252
3008
2462
1410
3024
7837
8021
2723
7597
2580
4874
8930
3688
1692
8649
2018
3960
488
6105
6540
9099
4241
3238
5422
3972
8981
1263
1456
926
9248
9997
6904
6425
3860
2989
6301
6502
6299
505
678
7917
5611
2579
3138
3285
2195
1264
3019
5143
1381
9891
7766
8204
2323
2574
1154
6243
9049
3137
6323
6585
3018
9196
2518
3250
1653
7533
7162
582
3957
9781
9055
5706
8355
1615
5822
5627
2123
11
4028
1513
764
4405
1840
6847
4915
2270
5574
9236
6771
9377
3481
2759
2682
5559
5924
1137
9063
2227
1981
4776
5572
475
2740
1897
3502
8873
3294
5343
106
885
8696
3386
8021
1164
6307
113
6832
485
644
6388
5466
247
8681
3992
6343
9218
3068
1771
8622
22
4065
3007
3617
9962
2255
7284
615
7364
8392
988
3511
1720
5493
3410
1730
3066
8083
6216
4676
4853
7327
8492
766
877
2055
5945
981
6548
1247
3440
9814
7854
6554
1255
6871
266
396
5171
3364
2499
5683
6166
2549
356
3960
8371
289
5565
1245
9020
7681
3040
5007
8139
7438
2666
8222
2442
4323
7495
5043
8244
491
6640
5730
7622
9336
5016
2129
3644
4228
789
8917
7787
8045
6854
1065
4818
8445
2962
4244
2804
7447
8427
9912
7615
5568
2575
1268
1452
5025
7727
6348
2507
4957
1651
6737
7907
7826
338
5623
3438
9668
177
9151
5441
66
588
2215
27
8133
9389
9204
1231
1947
1305
9602
621
2534
517
6835
2215
4786
6517
4976
2490
1585
6782
2618
3100
4143
1822
5237
3650
915
8387
4078
4904
999
7876
5385
8329
5911
5678
4668
1846
9795
7289
1611
9441
6282
7627
9971
7472
4756
5899
6298
1803
5560
7499
8060
6895
252
2559
7820
4644
3222
7962
5646
223
9315
374
3204
9818
9981
8462
2839
551
613
4203
2645
3876
5837
5039
2599
8921
6416
5343
3402
5184
7194
721
3343
2301
6558